ums_fiction_driver_node:
  ros__parameters:
    IMU_Z: -0.0354333333671093
    KD: 0.20000000298023224
    KI: 0.6000000238418579
    KMTT: 3
    KP: 1.7999999523162842
    LA: 0.08749999850988388
    LB: 0.0820000022649765
    LC_read_write: read
    MPC: 0.2042035162448883
    MPE: 60000.0
    con_baudrate: 2000000
    con_port: /dev/ttyUSB0
    imu_enable: false
    odom_enable: false

