ums_fiction_driver_node:
  ros__parameters:
    baudrate: 2000000
    port: /dev/ttyUSB0
    IMU_Z: -0.154333333671093
    KD: 0.20000000298023224
    KI: 0.6000000238418579
    KMTT: 3
    KP: 1.7999999523162842
    LA: 0.13500000536441803
    LB: 0.10000000149011612
    LC_read_write: write
    MPC: 0.2042035162448883
    MPE: 60000.0

